38 17 0
42 10 0
152 40 1
27 24 0
113 55 1
141 66 1
149 66 1
156 62 1
154 37 1
67 38 1
95 43 1
159 24 1
47 65 0
70 27 1
42 7 0
50 53 1
65 9 0
59 19 0
32 62 0
58 23 0
43 29 0
51 29 0
97 62 1
156 43 1
150 16 1
149 67 1
91 10 1
53 66 1
28 57 0
44 69 0
148 56 1
80 65 1
128 39 1
41 12 0
137 4 1
22 30 0
90 0 1
131 42 1
121 54 1
128 4 1
41 26 0
33 50 0
50 14 0
69 67 1
114 13 1
137 26 1
7 11 0
96 4 1
118 19 1
82 21 1
144 41 1
60 68 1
54 29 0
45 17 0
86 50 1
130 55 1
129 8 1
53 59 1
144 36 1
152 15 1
144 27 1
54 49 0
134 45 1
159 39 1
49 58 0
66 40 1
133 13 1
93 66 1
129 39 1
66 52 1
88 60 1
108 62 1
60 15 0
17 28 0
122 26 1
123 14 1
146 13 1
58 14 0
114 9 1
31 16 0
48 7 0
56 27 0
37 55 0
142 0 1
112 48 1
91 19 1
91 9 1
68 30 1
154 45 1
160 54 1
